0000000 030472 030070 030070 030060 040460 030104 030104 034070
0000020 041465 040505 030104 030104 034070 041465 031106 031460
0000040 030102 032070 033070 033065 033103 033103 040506 030060
0000060 034060 033104 030060 041470 043103 006504 035012 034061
0000100 034060 034061 030060 030066 034060 030106 042460 034061
0000120 032501 042506 033105 030060 032466 043106 032470 043106
0000140 034066 034103 041464 033461 034060 034061 032501 043106
0000160 034466 030460 032470 031471 005015 030472 030070 031470
0000200 030060 043060 040506 043065 033105 030071 034060 043065
0000220 031105 031460 030102 033070 032060 034470 032070 040470
0000240 030060 041060 041461 041505 030071 043060 030060 031067
0000260 043060 031504 006502 035012 034061 034060 034064 030060
0000300 042105 034103 041464 030064 034060 034066 034101 034066
0000320 030066 034064 034501 042060 030062 042106 042105 034066
0000340 030066 030062 041063 034060 030062 030465 034060 030066
0000360 041066 005015 030072 030061 033070 030060 030060 034460
0000400 006467 035012 030060 030060 030060 030460 043106 005015
0000420
